  61     1    1 2K1/02 1 1 CH 20  009346  Hubacher Chr+L - SG  03  74/27 42 36 13.40.27     1286,545 10,83 11,12 10,99             5/ 5     2  5  4  122    
   62     2    2 2K1/02 1 1 CH 20  009249W Hofer Walter         03  31/11 20 18 13.32.36     1285,870 10,83 11,12 10,99             5/ 4     2  4  4  123    
  107     3    3 2K1/02 1 1 CH 21  004855  Hirschi Simon+Beat   03  47/ 8 17 16 13.25.29     1276,051 10,03 11,12 10,99             5/ 5     4  5  5  108    
  108     4    4 2K1/02 1 1 CH 20  009672  Hirschi Simon+Beat   03            2 13.25.30     1275,955 10,03 11,12 10,99             5/ 2     2  2  2  174    
  122     5    5 2K1/02 1 1 CH 19  010243  Hubacher Chr+L - SG  03            2 13.43.32     1269,915 10,03 11,12 10,99             4/ 3     2  3  2  126    
  123     6    6 2K1/02 1 1 CH 20  009265W Hofer Walter         03            2 13.35.31     1269,600 10,03 11,12 10,99             5/ 5     3  5  4  136    
  126     7    7 2K1/02 1 1 CH 20  019874W Hubacher Chr+L - SG  03            3 13.43.48     1268,497 10,03 11,12 10,99             4/ 2     1  1  2  146    
  136     8    8 2K1/02 1 1 CH 20  009250W Hofer Walter         03            3 13.36.17     1265,392 10,03 11,12 10,99             5/ 5     4  5  5  248    
  137     9    9 2K1/02 1 1 CH 17  020408  Hubacher Rudolf      03  55/10 17 16 13.49.03     1264,864 10,03 11,12 10,99             5/ 5     4  5  5  209    
  146    10   10 2K1/02 1 1 CH 21  004443  Hubacher Chr+L - SG  03            4 13.45.05     1261,716 10,03 11,12 10,99             5/ 1     1  1  1  170    
  170    14   11 2K1/02 1 1 CH 20  009327  Hubacher Chr+L - SG  03            5 13.46.45     1253,018 10,03 11,12 10,99             5/ 5     3  5  5  197    
  174    16   12 2K1/02 1 1 CH 19  010464  Hirschi Simon+Beat   03            3 13.29.36     1252,663 10,03 11,12 10,99             5/ 4     3  4  4  283    
  194    17   13 2K1/02 1 1 CH 19  009540  Mahrer Andreas       01  13/ 2  4  4 13.51.27     1250,899 10,03 11,12 10,99             5/ 5     4  5  5  451    
  197    18   14 2K1/02 1 1 CH 21  004438  Hubacher Chr+L - SG  03            6 13.47.12     1250,690 10,03 11,12 10,99             4/ 3     3  3  3  198    
  198    19   15 2K1/02 1 1 CH 17  009261  Hubacher Chr+L - SG  03            7 13.47.13     1250,603 10,03 11,12 10,99             4/ 1     1  1  1  200    
  200    20   16 2K1/02 1 1 CH 21  004480  Hubacher Chr+L - SG  03            8 13.47.17     1250,259 10,03 11,12 10,99             4/ 4     3  4  4  247    
  209    21   17 2K1/02 1 1 CH 17  009533W Hubacher Rudolf      03            2 13.52.06     1249,251 09,23 11,12 10,99             5/ 3     1  3  2  246    
  246    22   18 2K1/02 1 1 CH 20  009404W Hubacher Rudolf      03            3 13.52.57     1244,969 09,23 11,12 10,99             5/ 5     4  5  4  291    
  247    23   19 2K1/02 1 1 CH 21  004427W Hubacher Chr+L - SG  03            9 13.48.21     1244,779 09,23 11,12 10,99             5/ 4     3  4  4  269    
  248    24   20 2K1/02 1 1 CH 20  009253  Hofer Walter         03            4 13.40.07     1244,761 09,23 11,12 10,99             5/ 1     1  1  1  249    
  249    25   21 2K1/02 1 1 CH 19  010684W Hofer Walter         03            5 13.40.09     1244,584 09,23 11,12 10,99             5/ 3     1  3  3  320    
  255    29   22 2K1/02 1 1 CH 21  004759  Ruefenacht Samuel    03  38/ 7 11 11 13.49.06     1243,966 09,23 11,12 10,99             5/ 1     1  1  1  265    
  265    34   23 2K1/02 1 1 CH 20  009618  Ruefenacht Samuel    03            2 13.49.33     1241,677 09,23 11,12 10,19             5/ 1     1  1  1  374    
  269    35   24 2K1/02 1 1 CH 19  010235W Hubacher Chr+L - SG  03           10 13.49.09     1240,700 09,23 11,12 10,19             4/ 4     3  4  4  279    
  279    36   25 2K1/02 1 1 CH 20  009348W Hubacher Chr+L - SG  03           11 13.49.31     1238,840 09,23 11,12 10,19             5/ 5     4  5  5  280    
  280    37   26 2K1/02 1 1 CH 21  004444  Hubacher Chr+L - SG  03           12 13.49.32     1238,755 09,23 11,12 10,19             4/ 3     3  3  3  292    
  283    38   27 2K1/02 1 1 CH 20  009649  Hirschi Simon+Beat   03            4 13.32.18     1237,783 09,23 11,12 10,19             5/ 5     3  5  5  352    
  291    44   28 2K1/02 1 1 CH 21  004574W Hubacher Rudolf      03            4 13.54.39     1236,491 09,23 10,32 10,19             5/ 3     3  3  3  300    
  292    45   29 2K1/02 1 1 CH 21  004507  Hubacher Chr+L - SG  03           13 13.49.59     1236,480 09,23 10,32 10,19             5/ 3     3  3  3  295    
  295    47   30 2K1/02 1 1 CH 19  010206  Hubacher Chr+L - SG  03           14 13.50.02     1236,228 09,23 10,32 10,19             5/ 4     2  3  4  299    
  299    49   31 2K1/02 1 1 CH 20  019866W Hubacher Chr+L - SG  03           15 13.50.06     1235,891 09,23 10,32 10,19             5/ 4     3  4  4  302    
  300    50   32 2K1/02 1 1 CH 19  010064  Hubacher Rudolf      03            5 13.54.48     1235,749 09,23 10,32 10,19             5/ 4     4  4  4  309    
  302    51   33 2K1/02 1 1 CH 21  004461  Hubacher Chr+L - SG  03           16 13.50.11     1235,471 08,43 10,32 10,19             4/ 2     1  1  2  304    
  304    52   34 2K1/02 1 1 CH 21  004456  Hubacher Chr+L - SG  03           17 13.50.16     1235,052 08,43 10,32 10,19             4/ 3     2  3  3  305    
  305    53   35 2K1/02 1 1 CH 20  019878  Hubacher Chr+L - SG  03           18 13.50.26     1234,213 08,43 10,32 10,19             5/ 5     3  5  4  345    
  309    54   36 2K1/02 1 1 CH 21  004533W Hubacher Rudolf      03            6 13.55.18     1233,280 08,43 10,32 10,19             5/ 3     2  3  3  316    
  316    57   37 2K1/02 1 1 CH 21  004563W Hubacher Rudolf      03            7 13.55.57     1230,086 08,43 10,32 10,19             5/ 5     3  5  5  353    
  320    58   38 2K1/02 1 1 CH 21  004332W Hofer Walter         03            6 13.43.05     1229,250 08,43 10,32 10,19             5/ 3     2  3  2  358    
  345    59   39 2K1/02 1 1 CH 21  004518  Hubacher Chr+L - SG  03           19 13.51.57     1226,633 08,43 10,32 10,19             5/ 3     3  3  3  397    
  352    60   40 2K1/02 1 1 CH 21  004843W Hirschi Simon+Beat   03            5 13.34.42     1224,850 08,43 10,32 10,19             5/ 4     3  4  4  400    
  353    61   41 2K1/02 1 1 CH 21  004568W Hubacher Rudolf      03            8 13.57.03     1224,717 08,43 10,32 10,19             5/ 1     1  1  1  460    
  358    64   42 2K1/02 1 1 CH 20  009258W Hofer Walter         03            7 13.44.17     1223,086 08,43 10,32 10,19             5/ 2     2  2  2  367    
  367    65   43 2K1/02 1 1  8441 21 0160W Hofer Walter         03            8 13.44.49     1220,366 08,43 10,32 10,19             5/ 3     1  3  3  376    
  374    66   44 2K1/02 1 1 CH 20  009611  Ruefenacht Samuel    03            3 13.54.09     1218,752 08,43 10,32 10,19             5/ 4     2  4  4  377    
  376    67   45 2K1/02 1 1 CH 19  010551  Hofer Walter         03            9 13.45.16     1218,080 08,43 10,32 10,19             5/ 3     1  3  3  413    
  377    68   46 2K1/02 1 1 CH 20  009604  Ruefenacht Samuel    03            4 13.54.18     1218,018 08,43 10,32 09,39             5/ 4     3  4  4  389    
  389    69   47 2K1/02 1 1 CH 20  009591W Ruefenacht Samuel    03            5 13.54.52     1215,256 08,43 10,32 09,39             5/ 3     3  3  3  456    
  397    72   48 2K1/02 1 1 CH 21  004492  Hubacher Chr+L - SG  03           20 13.55.08     1211,022 08,43 10,32 09,39             4/ 3     1  3  3  409    
  400    73   49 2K1/02 1 1 CH 21  004850W Hirschi Simon+Beat   03            6 13.37.40     1209,232 08,43 10,32 09,39             5/ 4     3  4  4  402    
  402    74   50 2K1/02 1 1 CH 21  004825  Hirschi Simon+Beat   03            7 13.37.43     1208,972 08,43 10,32 09,39             5/ 3     2  3  3  500    
  406    76   51 2K1/02 1 1 CH 17  009373  Wittwer Ueli         03  12/ 2  3  3 13.53.56     1208,231 07,63 10,32 09,39             5/ 3     2  3  2  432    
  409    77   52 2K1/02 1 1 CH 19  010249W Hubacher Chr+L - SG  03           21 13.55.49     1207,723 07,63 10,32 09,39             5/ 3     2  3  2  412    
  412    78   53 2K1/02 1 1 CH 20  009325  Hubacher Chr+L - SG  03           22 13.56.07     1206,280 07,63 10,32 09,39             5/ 5     3  5  4  422    
  413    79   54 2K1/02 1 1 CH 20  009244W Hofer Walter         03           10 13.47.44     1205,702 07,63 10,32 09,39             5/ 2     2  2  2  474    
  422    80   55 2K1/02 1 1 CH 20  009312W Hubacher Chr+L - SG  03           23 13.57.01     1201,972 07,63 10,32 09,39             5/ 5     4  5  5  438    
  432    82   56 2K1/02 1 1 CH 21  004899  Wittwer Ueli         03            2 13.55.27     1200,914 07,63 09,52 09,39             5/ 1     1  1  1         
  438    83   57 2K1/02 1 1 CH 20  009377W Hubacher Chr+L - SG  03           24 13.57.33     1199,434 07,63 09,52 09,39             5/ 4     2  3  4  442    
  442    86   58 2K1/02 1 1 CH 20  009363W Hubacher Chr+L - SG  03           25 13.57.37     1199,117 07,63 09,52 09,39             5/ 3     3  3  3  465    
  445    88   59 2K1/02 1 1 CH 21  004228  Affolter Rudolf      03  29/ 3  9  6 13.52.29   2 1198,921 07,63 09,52 09,39             5/ 1     1  1  1  449    
  449    89   60 2K1/02 1 1 CH 21  004280  Affolter Rudolf      03            2 13.52.44   2 1197,711 07,63 09,52 09,39             5/ 5     3  5  4  454    
  451    90   61 2K1/02 1 1 CH 18  000129W Mahrer Andreas       01            2 14.02.29     1197,297 07,63 09,52 09,39             5/ 4     3  4  4         
  454    91   62 2K1/02 1 1 CH 21  004243  Affolter Rudolf      03            3 13.53.01   2 1196,342 07,63 09,52 09,39             5/ 1     1  1  1         
  456    92   63 2K1/02 1 1 CH 20  009412  Ruefenacht Samuel    03            6 13.58.52     1196,108 07,63 09,52 09,39             5/ 4     2  4  3  458    
  458    94   64 2K1/02 1 1 CH 18  010876W Ruefenacht Samuel    03            7 13.58.56     1195,794 07,63 09,52 09,39             5/ 4     2  4  4         
  460    95   65 2K1/02 1 1 CH 18  011398W Hubacher Rudolf      03            9 14.03.22     1194,775 07,63 09,52 09,39             5/ 3     2  3  2  462    
  462    96   66 2K1/02 1 1 CH 21  004538W Hubacher Rudolf      03           10 14.03.26     1194,467 07,63 09,52 09,39             5/ 1     1  1  1         
  465    97   67 2K1/02 1 1 CH 21  004477  Hubacher Chr+L - SG  03           26 13.58.52     1193,213 07,63 09,52 09,39             4/ 3     2  3  3  473    
  473    98   68 2K1/02 1 1 CH 20  009317  Hubacher Chr+L - SG  03           27 13.59.30     1190,244 07,63 09,52 08,59             4/ 4     2  4  3         
  474    99   69 2K1/02 1 1 CH 19  010561W Hofer Walter         03           11 13.51.03     1189,449 07,63 09,52 08,59             5/ 3     3  3  3         
  500   103   70 2K1/02 1 1 CH 21  004818  Hirschi Simon+Beat   03            8 13.42.33     1184,374 07,63 09,52 08,59             5/ 3     2  3  3         
        104   71 2K1/02 1 1 CH 18  011634  Hofer Walter         03           12 13.52.14     1183,756       09,52 08,59             5/ 2     1  2  2         
        105   72 2K1/02 1 1 P  20 0006549  Hofer Walter         03           13 13.52.29     1182,560       09,52 08,59             5/ 1        1  1         
        108   73 2K1/02 1 1 CH 19  010205  Hubacher Chr+L - SG  03           28 14.01.35     1180,579       09,52 08,59             5/ 5     2  5  5         
        109   74 2K1/02 1 1 CH 21  004459W Hubacher Chr+L - SG  03           29 14.01.39     1180,273       09,52 08,59             5/ 4     2  4  4         
        113   75 2K1/02 1 1 CH 20  009430W Hubacher Rudolf      03           11 14.06.49     1179,031       09,52 08,59             5/ 4     3  4  4         
        116   76 2K1/02 1 1 CH 21  003420  Celik Mesut          01  19/ 0  3  2 14.07.09     1177,486       09,52 08,59             5/ 2        2  1         
        117   77 2K1/02 1 1 IF 18 0047773W Hofer Walter         03           14 13.53.44     1176,618       09,52 08,59             5/ 2     1  2  2         
        119   78 2K1/02 1 1 CH 21  004854W Hirschi Simon+Beat   03            9 13.44.29     1174,812       09,52 08,59             5/ 3     2  3  3         
        120   79 2K1/02 1 1  6976 21 0140  Hirschi Simon+Beat   03           10 13.44.30     1174,731       09,52 08,59             5/ 3     2  3  3         
        121   80 2K1/02 1 1 CH 21  004434  Hubacher Chr+L - SG  03           30 14.02.53     1174,628       09,52 08,59             5/ 4     1  4  3         
        122   81 2K1/02 1 1 CH 18  011314  Hirschi Simon+Beat   03           11 13.44.41     1173,832       08,72 08,59             5/ 3     1  3  3         
        124   82 2K1/02 1 1 CH 20  009687W Hirschi Simon+Beat   03           12 13.44.45     1173,506       08,72 08,59             5/ 3     1  3  3         
        125   83 2K1/02 1 1 CH 21  020374W Ruefenacht Samuel    03            8 14.03.58     1172,552       08,72 08,59             5/ 4        4  2         
        127   84 2K1/02 1 1 CH 21  004279W Affolter Rudolf      03            4 13.58.09   2 1172,080       08,72 08,59             5/ 4     1  4  3         
        129   85 2K1/02 1 1 CH 21  004441  Hubacher Chr+L - SG  03           31 14.03.48     1170,468       08,72 08,59             4/ 1        1  1         
        130   86 2K1/02 1 1 CH 20  009417W Hubacher Rudolf      03           12 14.08.49     1170,093       08,72 08,59             5/ 4     2  4  4         
        132   87 2K1/02 1 1 CH 18  011458  Hubacher Rudolf      03           13 14.08.51     1169,945       08,72 08,59             5/ 4     1  4  3         
        133   88 2K1/02 1 1 CH 21  004531  Hubacher Rudolf      03           14 14.08.59     1169,354       08,72 08,59             5/ 4     2  4  4         
        134   89 2K1/02 1 1 CH 18  010721  Mahrer Andreas       01            3 14.09.20     1166,270       08,72 08,59             5/ 3     1  3  3         
        135   90 2K1/02 1 1 CH 19  009555W Mahrer Andreas       01            4 14.09.23     1166,049       08,72 08,59             5/ 3     1  3  2         
        136   91 2K1/02 1 1 CH 21  004429W Hubacher Chr+L - SG  03           32 14.04.49     1165,887       08,72 07,79             3/ 3        3  3         
        142   92 2K1/02 1 1 CH 16  002325  Hirschi Simon+Beat   03           13 13.46.46     1163,717       08,72 07,79             5/ 3     1  3  3         
        144   93 2K1/02 1 1 CH 21  004449W Hubacher Chr+L - SG  03           33 14.05.30     1162,829       08,72 07,79             5/ 5     2  5  4         
        147   94 2K1/02 1 1 CH 20  009420W Hubacher Rudolf      03           15 14.11.28     1158,456       08,72 07,79             5/ 2        2  2         
        148   95 2K1/02 1 1 CH 21  004811  Hirschi Simon+Beat   03           14 13.47.53     1158,367       08,72 07,79             5/ 3     1  3  3         
        149   96 2K1/02 1 1 CH 21  003437W Celik Mesut          01            2 14.11.41     1157,470       08,72 07,79             5/ 2     1  2  2         
        151   97 2K1/02 1 1 CH 21  004361  Hofer Walter         03           15 13.58.10     1156,013       08,72 07,79             5/ 2        2  2         
        152   98 2K1/02 1 1 CH 21  004334  Hofer Walter         03           16 13.58.15     1155,633       08,72 07,79             5/ 2     1  2  2         
        153   99 2K1/02 1 1 CH 21  020371  Ruefenacht Samuel    03            9 14.07.51     1155,229       08,72 07,79             5/ 1        1  1         
        155  100 2K1/02 1 1 CH 21  004743  Ruefenacht Samuel    03           10 14.08.08     1153,985       08,72 07,79             5/ 2        2  2         
        157  101 2K1/02 1 1 CH 19  010257W Hubacher Chr+L - SG  03           34 14.07.57     1151,995       08,72 07,79             4/ 2     1  2  2         
        159  102 2K1/02 1 1 CH 21  004455W Hubacher Chr+L - SG  03           35 14.08.04     1151,484       08,72 07,79             4/ 1        1  1         
        160  103 2K1/02 1 1 CH 21  004905  Wittwer Ueli         03            3 14.06.14  -1 1151,269       08,72 07,79             5/ 2        2  2         
        162  104 2K1/02 1 1 CH 18  010866  Ruefenacht Samuel    03           11 14.09.28     1148,167       08,72 07,79             5/ 3     1  3  3         
        164  105 2K1/02 1 1 CH 21  004225  Affolter Rudolf      03            5 14.03.58   2 1145,751       07,92 07,79             5/ 1        1  1         
        167  106 2K1/02 1 1 CH 19  010601  Hofer Walter         03           17 14.00.52     1143,814       07,92 07,79             5/ 2     1  2  2         
        168  107 2K1/02 1 1 CH 18  011319W Hirschi Simon+Beat   03           15 13.51.07     1143,149       07,92 07,79             5/ 4        3  3         
        169  108 2K1/02 1 1 CH 21  004809  Hirschi Simon+Beat   03           16 13.51.10     1142,917       07,92 07,79             5/ 1        1  1         
        170  109 2K1/02 1 1 CH 18  010664  Hofer Walter         03           18 14.01.12     1142,326       07,92 07,79             5/ 2        2  2         
        173  110 2K1/02 1 1 CH 20  008425W Affolter Rudolf      03            6 14.05.44   2 1137,986       07,92 07,79             5/ 4     2  4  4         
        174  111 2K1/02 1 1 CH 21  004424W Hubacher Chr+L - SG  03           36 14.11.46     1135,513       07,92 07,79             5/ 3     2  3  3         
        175  112 2K1/02 1 1 CH 21  004572  Hubacher Rudolf      03           16 14.16.58     1135,029       07,92 07,79             5/ 4     1  4  2         
        176      2K1/02 1 1  5145 21 1103W Hofer Walter         03           19 14.03.31     1132,089       07,92                   5/ 2        2  1         
        179      2K1/02 1 1 CH 18  011258  Hubacher Chr+L - SG  03           37 14.13.11     1129,515       07,92                   5/ 4     1  4  2         
        180      2K1/02 1 1 CH 19  010232W Hubacher Chr+L - SG  03           38 14.13.24     1128,603       07,92                   5/ 3     1  3  2         
        183      2K1/02 1 1 CH 21  004463W Hubacher Chr+L - SG  03           39 14.15.44     1118,876       07,92                   5/ 1        1  0         
        184      2K1/02 1 1 CH 21  004262W Affolter Rudolf      03            7 14.10.28   2 1117,693       07,92                   4/ 1        1  0         
        185      2K1/02 1 1 CH 21  004227W Affolter Rudolf      03            8 14.10.34   2 1117,272       07,92                   5/ 1        1  0         
        187      2K1/02 1 1 CH 21  004343W Hofer Walter         03           20 14.07.27     1115,123       07,92                   5/ 1        1  0         
        189      2K1/02 1 1 CH 20  009313W Hubacher Chr+L - SG  03           40 14.17.09     1113,052       07,92                   5/ 4     1  4  2         
        190      2K1/02 1 1 CH 21  004512W Hubacher Chr+L - SG  03           41 14.17.13     1112,779       07,92                   4/ 1        1  0         
        195      2K1/02 1 1 CH 21  020706W Celik Mesut          01            3 14.23.54     1106,769       07,92                   5/ 1        1  0         
        199      2K1/02 1 1 CH 21  004827W Hirschi Simon+Beat   03           17 14.01.23     1097,372       07,92                   5/ 2     1  2  1         
        200      2K1/02 1 1 CH 21  004478  Hubacher Chr+L - SG  03           42 14.21.10     1096,863       07,92                   4/ 2        2  1         
        201      2K1/02 1 1 CH 21  004254W Affolter Rudolf      03            9 14.16.11   2 1094,129       07,92                   5/ 2     1  2  1         
        202      2K1/02 1 1 CH 17  009495  Hubacher Rudolf      03           17 14.27.20     1093,353       07,92                   5/ 4     2  4  3    